0 0
0.001 2.32572e-46
0.002 2.37246e-44
0.003 1.21031e-42
0.004 4.11703e-41
0.005 1.05056e-39
0.006 2.14504e-38
0.007 3.65055e-37
0.008 5.3263e-36
0.009 6.80134e-35
0.01 7.72158e-34
0.011 7.89145e-33
0.012 7.33355e-32
0.013 6.24862e-31
0.014 4.91581e-30
0.015 3.59192e-29
0.016 2.45021e-28
0.017 1.56733e-27
0.018 9.43847e-27
0.019 5.3695e-26
0.02 2.89469e-25
0.021 1.48291e-24
0.022 7.23702e-24
0.023 3.37231e-23
0.024 1.50355e-22
0.025 6.42623e-22
0.026 2.63755e-21
0.027 1.04123e-20
0.028 3.95956e-20
0.029 1.45243e-19
0.03 5.1458e-19
0.031 1.76294e-18
0.032 5.84706e-18
0.033 1.87935e-17
0.034 5.85974e-17
0.035 1.77399e-16
0.036 5.21921e-16
0.037 1.49349e-15
0.038 4.15987e-15
0.039 1.12866e-14
0.04 2.98507e-14
0.041 7.70099e-14
0.042 1.93918e-13
0.043 4.76902e-13
0.044 1.14613e-12
0.045 2.69325e-12
0.046 6.19131e-12
0.047 1.39308e-11
0.048 3.0695e-11
0.049 6.62617e-11
0.05 1.40203e-10
0.051 2.90896e-10
0.052 5.9209e-10
0.053 1.18272e-09
0.054 2.31949e-09
0.055 4.46766e-09
0.056 8.45481e-09
0.057 1.5726e-08
0.058 2.87589e-08
0.059 5.1726e-08
0.06 9.15316e-08
0.061 1.59402e-07
0.062 2.73282e-07
0.063 4.61373e-07
0.064 7.67263e-07
0.065 1.25722e-06
0.066 2.03036e-06
0.067 3.23258e-06
0.068 5.07523e-06
0.069 7.8597e-06
0.07 1.20092e-05
0.071 1.81086e-05
0.072 2.69547e-05
0.073 3.96154e-05
0.074 5.75017e-05
0.075 8.24496e-05
0.076 0.000116813
0.077 0.000163566
0.078 0.000226408
0.079 0.000309877
0.08 0.000419456
0.081 0.000561673
0.082 0.000744181
0.083 0.000975824
0.084 0.00126666
0.085 0.00162797
0.086 0.00207218
0.087 0.00261278
0.088 0.00326417
0.089 0.00404144
0.09 0.00496014
0.091 0.00603597
0.092 0.00728444
0.093 0.00872054
0.094 0.0103584
0.095 0.0122107
0.096 0.0142889
0.097 0.0166022
0.098 0.0191579
0.099 0.0219608
0.1 0.0250132
0.101 0.0283152
0.102 0.031864
0.103 0.0356547
0.104 0.03968
0.105 0.0439307
0.106 0.0483958
0.107 0.0530629
0.108 0.0579185
0.109 0.0629483
0.11 0.0681375
0.111 0.0734711
0.112 0.0789345
0.113 0.0845131
0.114 0.0901931
0.115 0.0959614
0.116 0.101806
0.117 0.107715
0.118 0.113679
0.119 0.119689
0.12 0.125735
0.121 0.131812
0.122 0.137912
0.123 0.14403
0.124 0.150162
0.125 0.156304
0.126 0.162451
0.127 0.168603
0.128 0.174755
0.129 0.180907
0.13 0.187056
0.131 0.193201
0.132 0.199341
0.133 0.205476
0.134 0.211604
0.135 0.217725
0.136 0.223838
0.137 0.229943
0.138 0.236039
0.139 0.242127
0.14 0.248205
0.141 0.254273
0.142 0.260332
0.143 0.26638
0.144 0.272418
0.145 0.278445
0.146 0.284461
0.147 0.290466
0.148 0.29646
0.149 0.302442
0.15 0.308412
0.151 0.314369
0.152 0.320315
0.153 0.326247
0.154 0.332167
0.155 0.338074
0.156 0.343967
0.157 0.349847
0.158 0.355713
0.159 0.361565
0.16 0.367403
0.161 0.373226
0.162 0.379034
0.163 0.384828
0.164 0.390606
0.165 0.396369
0.166 0.402116
0.167 0.407847
0.168 0.413562
0.169 0.419261
0.17 0.424943
0.171 0.430609
0.172 0.436258
0.173 0.441889
0.174 0.447503
0.175 0.453099
0.176 0.458677
0.177 0.464238
0.178 0.469779
0.179 0.475303
0.18 0.480807
0.181 0.486293
0.182 0.491759
0.183 0.497206
0.184 0.502634
0.185 0.508041
0.186 0.513429
0.187 0.518796
0.188 0.524143
0.189 0.529469
0.19 0.534774
0.191 0.540058
0.192 0.54532
0.193 0.550562
0.194 0.555781
0.195 0.560978
0.196 0.566154
0.197 0.571307
0.198 0.576437
0.199 0.581545
0.2 0.58663
0.201 0.591691
0.202 0.596729
0.203 0.601744
0.204 0.606735
0.205 0.611702
0.206 0.616645
0.207 0.621563
0.208 0.626457
0.209 0.631326
0.21 0.63617
0.211 0.640989
0.212 0.645783
0.213 0.650552
0.214 0.655294
0.215 0.660011
0.216 0.664702
0.217 0.669366
0.218 0.674004
0.219 0.678616
0.22 0.6832
0.221 0.687758
0.222 0.692289
0.223 0.696792
0.224 0.701267
0.225 0.705715
0.226 0.710136
0.227 0.714528
0.228 0.718892
0.229 0.723227
0.23 0.727534
0.231 0.731812
0.232 0.736062
0.233 0.740282
0.234 0.744473
0.235 0.748635
0.236 0.752767
0.237 0.756869
0.238 0.760942
0.239 0.764984
0.24 0.768997
0.241 0.772979
0.242 0.77693
0.243 0.780851
0.244 0.784741
0.245 0.7886
0.246 0.792427
0.247 0.796224
0.248 0.799989
0.249 0.803722
0.25 0.807424
0.251 0.811094
0.252 0.814732
0.253 0.818338
0.254 0.821911
0.255 0.825452
0.256 0.82896
0.257 0.832436
0.258 0.835879
0.259 0.839289
0.26 0.842665
0.261 0.846009
0.262 0.849319
0.263 0.852595
0.264 0.855838
0.265 0.859047
0.266 0.862222
0.267 0.865363
0.268 0.86847
0.269 0.871543
0.27 0.874581
0.271 0.877584
0.272 0.880553
0.273 0.883488
0.274 0.886387
0.275 0.889252
0.276 0.892081
0.277 0.894875
0.278 0.897634
0.279 0.900357
0.28 0.903045
0.281 0.905697
0.282 0.908313
0.283 0.910894
0.284 0.913438
0.285 0.915947
0.286 0.918419
0.287 0.920855
0.288 0.923255
0.289 0.925618
0.29 0.927945
0.291 0.930235
0.292 0.932488
0.293 0.934705
0.294 0.936884
0.295 0.939027
0.296 0.941133
0.297 0.943201
0.298 0.945232
0.299 0.947226
0.3 0.949183
0.301 0.951102
0.302 0.952983
0.303 0.954827
0.304 0.956633
0.305 0.958401
0.306 0.960132
0.307 0.961825
0.308 0.963479
0.309 0.965096
0.31 0.966674
0.311 0.968215
0.312 0.969717
0.313 0.971181
0.314 0.972606
0.315 0.973993
0.316 0.975342
0.317 0.976652
0.318 0.977924
0.319 0.979157
0.32 0.980351
0.321 0.981507
0.322 0.982624
0.323 0.983702
0.324 0.984741
0.325 0.985741
0.326 0.986703
0.327 0.987625
0.328 0.988509
0.329 0.989354
0.33 0.990159
0.331 0.990925
0.332 0.991653
0.333 0.992341
0.334 0.99299
0.335 0.993599
0.336 0.99417
0.337 0.994701
0.338 0.995193
0.339 0.995646
0.34 0.996059
0.341 0.996433
0.342 0.996768
0.343 0.997063
0.344 0.997319
0.345 0.997536
0.346 0.997713
0.347 0.997851
0.348 0.997949
0.349 0.998009
0.35 0.998028
0.351 0.998009
0.352 0.997949
0.353 0.997851
0.354 0.997713
0.355 0.997536
0.356 0.997319
0.357 0.997063
0.358 0.996767
0.359 0.996433
0.36 0.996059
0.361 0.995645
0.362 0.995192
0.363 0.9947
0.364 0.994169
0.365 0.993599
0.366 0.992989
0.367 0.99234
0.368 0.991652
0.369 0.990924
0.37 0.990158
0.371 0.989352
0.372 0.988508
0.373 0.987624
0.374 0.986702
0.375 0.98574
0.376 0.98474
0.377 0.9837
0.378 0.982622
0.379 0.981505
0.38 0.98035
0.381 0.979155
0.382 0.977922
0.383 0.976651
0.384 0.97534
0.385 0.973992
0.386 0.972604
0.387 0.971179
0.388 0.969715
0.389 0.968213
0.39 0.966672
0.391 0.965094
0.392 0.963477
0.393 0.961822
0.394 0.96013
0.395 0.958399
0.396 0.956631
0.397 0.954824
0.398 0.952981
0.399 0.951099
0.4 0.94918
0.401 0.947223
0.402 0.94523
0.403 0.943198
0.404 0.94113
0.405 0.939024
0.406 0.936881
0.407 0.934702
0.408 0.932485
0.409 0.930232
0.41 0.927942
0.411 0.925615
0.412 0.923252
0.413 0.920852
0.414 0.918416
0.415 0.915943
0.416 0.913435
0.417 0.91089
0.418 0.90831
0.419 0.905693
0.42 0.903041
0.421 0.900353
0.422 0.89763
0.423 0.894871
0.424 0.892077
0.425 0.889248
0.426 0.886383
0.427 0.883484
0.428 0.88055
0.429 0.877581
0.43 0.874577
0.431 0.871539
0.432 0.868466
0.433 0.865359
0.434 0.862218
0.435 0.859043
0.436 0.855834
0.437 0.852591
0.438 0.849314
0.439 0.846004
0.44 0.842661
0.441 0.839284
0.442 0.835874
0.443 0.832432
0.444 0.828956
0.445 0.825447
0.446 0.821906
0.447 0.818333
0.448 0.814727
0.449 0.811089
0.45 0.807419
0.451 0.803718
0.452 0.799984
0.453 0.796219
0.454 0.792422
0.455 0.788594
0.456 0.784736
0.457 0.780846
0.458 0.776925
0.459 0.772973
0.46 0.768991
0.461 0.764979
0.462 0.760936
0.463 0.756864
0.464 0.752761
0.465 0.748629
0.466 0.744468
0.467 0.740276
0.468 0.736056
0.469 0.731807
0.47 0.727528
0.471 0.723221
0.472 0.718886
0.473 0.714522
0.474 0.71013
0.475 0.70571
0.476 0.701262
0.477 0.696786
0.478 0.692283
0.479 0.687752
0.48 0.683194
0.481 0.67861
0.482 0.673998
0.483 0.66936
0.484 0.664696
0.485 0.660005
0.486 0.655288
0.487 0.650545
0.488 0.645777
0.489 0.640983
0.49 0.636164
0.491 0.63132
0.492 0.62645
0.493 0.621557
0.494 0.616638
0.495 0.611695
0.496 0.606728
0.497 0.601737
0.498 0.596723
0.499 0.591685
0.5 0.586623
0.501 0.581538
0.502 0.57643
0.503 0.5713
0.504 0.566147
0.505 0.560972
0.506 0.555774
0.507 0.550555
0.508 0.545314
0.509 0.540051
0.51 0.534767
0.511 0.529462
0.512 0.524136
0.513 0.518789
0.514 0.513422
0.515 0.508034
0.516 0.502627
0.517 0.497199
0.518 0.491752
0.519 0.486286
0.52 0.4808
0.521 0.475296
0.522 0.469772
0.523 0.46423
0.524 0.45867
0.525 0.453092
0.526 0.447495
0.527 0.441882
0.528 0.43625
0.529 0.430602
0.53 0.424936
0.531 0.419254
0.532 0.413555
0.533 0.40784
0.534 0.402108
0.535 0.396361
0.536 0.390598
0.537 0.38482
0.538 0.379026
0.539 0.373218
0.54 0.367395
0.541 0.361557
0.542 0.355705
0.543 0.349839
0.544 0.343959
0.545 0.338066
0.546 0.332159
0.547 0.32624
0.548 0.320307
0.549 0.314362
0.55 0.308404
0.551 0.302434
0.552 0.296452
0.553 0.290458
0.554 0.284453
0.555 0.278437
0.556 0.27241
0.557 0.266372
0.558 0.260323
0.559 0.254264
0.56 0.248196
0.561 0.242117
0.562 0.236029
0.563 0.229931
0.564 0.223825
0.565 0.217709
0.566 0.211585
0.567 0.205453
0.568 0.199312
0.569 0.193164
0.57 0.187008
0.571 0.180844
0.572 0.174674
0.573 0.168496
0.574 0.162312
0.575 0.156122
0.576 0.149925
0.577 0.143723
0.578 0.137515
0.579 0.131301
0.58 0.125082
0.581 0.118858
0.582 0.11263
0.583 0.106397
0.584 0.10016
0.585 0.0939186
0.586 0.0876739
0.587 0.0814256
0.588 0.0751742
0.589 0.0689197
0.59 0.0626626
0.591 0.056403
0.592 0.0501411
0.593 0.0438773
0.594 0.0376117
0.595 0.0313447
0.596 0.0250764
0.597 0.0188072
0.598 0.0125371
0.599 0.00626663
0.6 -4.12477e-06
0.601 -0.00627488
0.602 -0.0125454
0.603 -0.0188154
0.604 -0.0250847
0.605 -0.0313529
0.606 -0.03762
0.607 -0.0438855
0.608 -0.0501494
0.609 -0.0564112
0.61 -0.0626708
0.611 -0.068928
0.612 -0.0751824
0.613 -0.0814338
0.614 -0.0876821
0.615 -0.0939269
0.616 -0.100168
0.617 -0.106405
0.618 -0.112638
0.619 -0.118866
0.62 -0.12509
0.621 -0.131309
0.622 -0.137523
0.623 -0.143731
0.624 -0.149933
0.625 -0.15613
0.626 -0.162321
0.627 -0.168505
0.628 -0.174682
0.629 -0.180853
0.63 -0.187016
0.631 -0.193172
0.632 -0.19932
0.633 -0.205461
0.634 -0.211593
0.635 -0.217717
0.636 -0.223833
0.637 -0.229939
0.638 -0.236037
0.639 -0.242125
0.64 -0.248204
0.641 -0.254272
0.642 -0.260331
0.643 -0.26638
0.644 -0.272418
0.645 -0.278445
0.646 -0.284461
0.647 -0.290466
0.648 -0.29646
0.649 -0.302442
0.65 -0.308412
0.651 -0.314369
0.652 -0.320315
0.653 -0.326247
0.654 -0.332167
0.655 -0.338074
0.656 -0.343967
0.657 -0.349847
0.658 -0.355713
0.659 -0.361565
0.66 -0.367403
0.661 -0.373226
0.662 -0.379034
0.663 -0.384828
0.664 -0.390606
0.665 -0.396369
0.666 -0.402116
0.667 -0.407847
0.668 -0.413562
0.669 -0.419261
0.67 -0.424943
0.671 -0.430609
0.672 -0.436258
0.673 -0.441889
0.674 -0.447503
0.675 -0.453099
0.676 -0.458677
0.677 -0.464238
0.678 -0.469779
0.679 -0.475303
0.68 -0.480807
0.681 -0.486293
0.682 -0.491759
0.683 -0.497206
0.684 -0.502634
0.685 -0.508041
0.686 -0.513429
0.687 -0.518796
0.688 -0.524143
0.689 -0.529469
0.69 -0.534774
0.691 -0.540058
0.692 -0.54532
0.693 -0.550562
0.694 -0.555781
0.695 -0.560978
0.696 -0.566154
0.697 -0.571307
0.698 -0.576437
0.699 -0.581545
0.7 -0.58663
0.701 -0.591691
0.702 -0.596729
0.703 -0.601744
0.704 -0.606735
0.705 -0.611702
0.706 -0.616645
0.707 -0.621563
0.708 -0.626457
0.709 -0.631326
0.71 -0.63617
0.711 -0.640989
0.712 -0.645783
0.713 -0.650552
0.714 -0.655294
0.715 -0.660011
0.716 -0.664702
0.717 -0.669366
0.718 -0.674004
0.719 -0.678616
0.72 -0.6832
0.721 -0.687758
0.722 -0.692289
0.723 -0.696792
0.724 -0.701267
0.725 -0.705715
0.726 -0.710136
0.727 -0.714528
0.728 -0.718892
0.729 -0.723227
0.73 -0.727534
0.731 -0.731812
0.732 -0.736062
0.733 -0.740282
0.734 -0.744473
0.735 -0.748635
0.736 -0.752767
0.737 -0.756869
0.738 -0.760942
0.739 -0.764984
0.74 -0.768997
0.741 -0.772979
0.742 -0.77693
0.743 -0.780851
0.744 -0.784741
0.745 -0.7886
0.746 -0.792427
0.747 -0.796224
0.748 -0.799989
0.749 -0.803722
0.75 -0.807424
0.751 -0.811094
0.752 -0.814732
0.753 -0.818338
0.754 -0.821911
0.755 -0.825452
0.756 -0.82896
0.757 -0.832436
0.758 -0.835879
0.759 -0.839289
0.76 -0.842665
0.761 -0.846009
0.762 -0.849319
0.763 -0.852595
0.764 -0.855838
0.765 -0.859047
0.766 -0.862222
0.767 -0.865363
0.768 -0.86847
0.769 -0.871543
0.77 -0.874581
0.771 -0.877584
0.772 -0.880553
0.773 -0.883488
0.774 -0.886387
0.775 -0.889252
0.776 -0.892081
0.777 -0.894875
0.778 -0.897634
0.779 -0.900357
0.78 -0.903045
0.781 -0.905697
0.782 -0.908313
0.783 -0.910894
0.784 -0.913438
0.785 -0.915947
0.786 -0.918419
0.787 -0.920855
0.788 -0.923255
0.789 -0.925618
0.79 -0.927945
0.791 -0.930235
0.792 -0.932488
0.793 -0.934705
0.794 -0.936884
0.795 -0.939027
0.796 -0.941133
0.797 -0.943201
0.798 -0.945232
0.799 -0.947226
0.8 -0.949183
0.801 -0.951102
0.802 -0.952983
0.803 -0.954827
0.804 -0.956633
0.805 -0.958401
0.806 -0.960132
0.807 -0.961825
0.808 -0.963479
0.809 -0.965096
0.81 -0.966674
0.811 -0.968215
0.812 -0.969717
0.813 -0.971181
0.814 -0.972606
0.815 -0.973993
0.816 -0.975342
0.817 -0.976652
0.818 -0.977924
0.819 -0.979157
0.82 -0.980351
0.821 -0.981507
0.822 -0.982624
0.823 -0.983702
0.824 -0.984741
0.825 -0.985741
0.826 -0.986703
0.827 -0.987625
0.828 -0.988509
0.829 -0.989354
0.83 -0.990159
0.831 -0.990925
0.832 -0.991653
0.833 -0.992341
0.834 -0.99299
0.835 -0.993599
0.836 -0.99417
0.837 -0.994701
0.838 -0.995193
0.839 -0.995646
0.84 -0.996059
0.841 -0.996433
0.842 -0.996768
0.843 -0.997063
0.844 -0.997319
0.845 -0.997536
0.846 -0.997713
0.847 -0.997851
0.848 -0.997949
0.849 -0.998009
0.85 -0.998028
0.851 -0.998009
0.852 -0.997949
0.853 -0.997851
0.854 -0.997713
0.855 -0.997536
0.856 -0.997319
0.857 -0.997063
0.858 -0.996767
0.859 -0.996433
0.86 -0.996059
0.861 -0.995645
0.862 -0.995192
0.863 -0.9947
0.864 -0.994169
0.865 -0.993599
0.866 -0.992989
0.867 -0.99234
0.868 -0.991652
0.869 -0.990924
0.87 -0.990158
0.871 -0.989352
0.872 -0.988508
0.873 -0.987624
0.874 -0.986702
0.875 -0.98574
0.876 -0.98474
0.877 -0.9837
0.878 -0.982622
0.879 -0.981505
0.88 -0.98035
0.881 -0.979155
0.882 -0.977922
0.883 -0.976651
0.884 -0.97534
0.885 -0.973992
0.886 -0.972604
0.887 -0.971179
0.888 -0.969715
0.889 -0.968213
0.89 -0.966672
0.891 -0.965094
0.892 -0.963477
0.893 -0.961822
0.894 -0.96013
0.895 -0.958399
0.896 -0.956631
0.897 -0.954824
0.898 -0.952981
0.899 -0.951099
0.9 -0.94918
0.901 -0.947223
0.902 -0.94523
0.903 -0.943198
0.904 -0.94113
0.905 -0.939024
0.906 -0.936881
0.907 -0.934702
0.908 -0.932485
0.909 -0.930232
0.91 -0.927942
0.911 -0.925615
0.912 -0.923252
0.913 -0.920852
0.914 -0.918416
0.915 -0.915943
0.916 -0.913435
0.917 -0.91089
0.918 -0.90831
0.919 -0.905693
0.92 -0.903041
0.921 -0.900353
0.922 -0.89763
0.923 -0.894871
0.924 -0.892077
0.925 -0.889248
0.926 -0.886383
0.927 -0.883484
0.928 -0.88055
0.929 -0.877581
0.93 -0.874577
0.931 -0.871539
0.932 -0.868466
0.933 -0.865359
0.934 -0.862218
0.935 -0.859043
0.936 -0.855834
0.937 -0.852591
0.938 -0.849314
0.939 -0.846004
0.94 -0.842661
0.941 -0.839284
0.942 -0.835874
0.943 -0.832432
0.944 -0.828956
0.945 -0.825447
0.946 -0.821906
0.947 -0.818333
0.948 -0.814727
0.949 -0.811089
0.95 -0.807419
0.951 -0.803718
0.952 -0.799984
0.953 -0.796219
0.954 -0.792422
0.955 -0.788594
0.956 -0.784736
0.957 -0.780846
0.958 -0.776925
0.959 -0.772973
0.96 -0.768991
0.961 -0.764979
0.962 -0.760936
0.963 -0.756864
0.964 -0.752761
0.965 -0.748629
0.966 -0.744468
0.967 -0.740276
0.968 -0.736056
0.969 -0.731807
0.97 -0.727528
0.971 -0.723221
0.972 -0.718886
0.973 -0.714522
0.974 -0.71013
0.975 -0.70571
0.976 -0.701262
0.977 -0.696786
0.978 -0.692283
0.979 -0.687752
0.98 -0.683194
0.981 -0.67861
0.982 -0.673998
0.983 -0.66936
0.984 -0.664696
0.985 -0.660005
0.986 -0.655288
0.987 -0.650545
0.988 -0.645777
0.989 -0.640983
0.99 -0.636164
0.991 -0.63132
0.992 -0.62645
0.993 -0.621557
0.994 -0.616638
0.995 -0.611695
0.996 -0.606728
0.997 -0.601737
0.998 -0.596723
0.999 -0.591685
1 0
